973
238
560
273
124
269
415
23
297
199
211
426
523
340
543
636
76
139
31
349
215
173
721
33
767
88
56
71
270
29
621
34
785
938
146
286
140
98
133
143
1004
236
528
314
380
419
42
463
863
50
138
200
253
10
227
162
277
987
529
32
347
490
692
15
114
515
348
1
323
977
239
126
78
3
540
350
257
207
224
378
622
20
2
468
39
22
79
75
230
332
105
121
417
74
394
567
5
127
442
57
449
662
266
969
695
148
4
160
772
128
698
19
93
46
8
240
91
516
329
210
102
13
208
16
41
317
17
212
54
37
295
48
62
73
153
443
44
287
129
445
117
509
11
21
703
112
300
437
92
81
242
70
113
53
63
387
116
151
235
118
152
108
206
7
101
283
136
104
344
49