156
157
158
159
161
163
170
186
243
244
245
246
247
248
249
250
251
252
253
254
255
256
259
261
265
266
267
269
270
271
272
276
277
280
281
285
286
288
291
293
294
296
298
302
305
308
311
314
317
320
323
325
333
339
340
346
348
351
353
356
358
359
360
361
362
364
366
369
370
379
408
411
418
425
426
428
431
439
444
465
469
471
484
487
489
490
499
505
510
527
531
533
536
544
545
548
549
555
562
568
573
582
588
604
616
624
625
631
634
635
642
644
651
656
660
663
666
681
683
694
702
708
711
716
723
727
734
737
742
750
751
755
758
759
760
772
774
776
800
1055
1056
1057
1058
1059
1060
1061
1062
1063
1064
1065
1066
1067
1085
1086
1087
1088
1099
1100
1101
1102
1118
1119
1120
1121
1133
1134
1135
1136
1150
1151
1152
1153
1165
1166
1167
1168
1176
1180
1181
1182
1183
1196
1197
1198
1199
1213
1214
1215
1216
1228
1229
1230
1231
1236
1243
1244
1245
1246
1256
1257
1258
1259
1265
1271
1272
1273
1274