175
176
177
178
180
181
182
183
184
185
196
197
262
511
512
534
550
569
570
571
574
577
578
579
580
584
585
586
595
596
597
601
602
603
607
608
610
612
613
614
615
618
619
620
626
627
1045
1050
1068
1069
1070
1075
1076
1077
1082
1083
1084
1097
1098
1107
1112
1113
1126
1127
1132
1141
1142
1148
1149
1158
1159
1164
1173
1174
1179
1193
1194
1204
1205
1211
1212
1225
1241
1251
1264
1270
1280
1285
1294
1303
1308
1321
1322
1327
1336
1341
1350
1355
1364
1369
1378
1384
1393
1398
1407
1412
1421
1435
1440
1445